  A B C D E F G
A 0 12 9 15 16 9 7
B 12 0 19 22 15 18 13
C 9 19 0 15 15 16 12
D 15 22 15 0 12 12 20
E 16 15 15 12 0 11 12
F 9 18 16 12 11 0 23
G 7 13 12 20 12 23 0